1.812825 -0.045980 0.099885
1.932493 0.738330 -0.046838
1.483227 1.606153 -0.083955
0.644245 1.737046 -0.191751
-0.235271 1.967233 0.134033
-0.891545 1.731545 -0.181877
-1.594884 1.263612 0.019438
-2.008520 0.252116 -0.006015
-1.933578 -0.217560 -0.174620
-1.701090 -1.291529 -0.125848
-1.139699 -1.579201 0.025828
-0.365546 -1.982153 0.038944
0.720212 -2.000847 -0.187079
1.414143 -1.346398 -0.007626
1.998206 -0.998854 0.019450
0.295481 -0.005785 -3.522336
0.249180 -0.052732 -2.797272
0.106334 0.030775 -1.937995
0.120229 -0.087989 -1.261326
0.124533 0.085086 -0.397411
0.111575 0.040732 0.315138
0.289976 -0.023470 1.135737
0.295617 0.018235 1.935565
0.105428 -0.071792 2.684878
0.271602 -0.051039 3.461862
