1.812825 -0.045980 0.099885
1.932493 0.738330 -0.046838
1.483227 1.606153 -0.083955
0.644245 1.737046 -0.191751
-0.235271 1.967233 0.134033
-0.891545 1.731545 -0.181877
-1.594884 1.263612 0.019438
-2.008520 0.252116 -0.006015
-1.933578 -0.217560 -0.174620
-1.701090 -1.291529 -0.125848
-1.139699 -1.579201 0.025828
-0.365546 -1.982153 0.038944
0.720212 -2.000847 -0.187079
1.414143 -1.346398 -0.007626
1.998206 -0.998854 0.019450
1.664049 0.038430 -3.475753
1.636266 0.048046 -2.647068
1.589015 0.013336 -1.885649
1.558956 0.023487 -1.086668
1.642875 0.022876 -0.468641
1.696845 0.063589 0.472739
1.596196 -0.065219 1.163053
1.512532 -0.001359 1.854144
1.660678 -0.073271 2.804812
1.561558 -0.010741 3.520671
