1.812825 -0.045980 0.099885
1.932493 0.738330 -0.046838
1.483227 1.606153 -0.083955
0.644245 1.737046 -0.191751
-0.235271 1.967233 0.134033
-0.891545 1.731545 -0.181877
-1.594884 1.263612 0.019438
-2.008520 0.252116 -0.006015
-1.933578 -0.217560 -0.174620
-1.701090 -1.291529 -0.125848
-1.139699 -1.579201 0.025828
-0.365546 -1.982153 0.038944
0.720212 -2.000847 -0.187079
1.414143 -1.346398 -0.007626
1.998206 -0.998854 0.019450
1.281890 0.094195 -3.556262
1.273684 0.064362 -2.719213
1.258593 -0.093976 -1.847880
1.208078 -0.073473 -1.244304
1.268232 0.091162 -0.475027
1.217202 -0.028499 0.379060
1.118821 -0.094267 1.141577
1.180015 0.022081 1.977464
1.296317 0.063309 2.652636
1.107133 0.013987 3.492424
