1.812825 -0.045980 0.099885
1.932493 0.738330 -0.046838
1.483227 1.606153 -0.083955
0.644245 1.737046 -0.191751
-0.235271 1.967233 0.134033
-0.891545 1.731545 -0.181877
-1.594884 1.263612 0.019438
-2.008520 0.252116 -0.006015
-1.933578 -0.217560 -0.174620
-1.701090 -1.291529 -0.125848
-1.139699 -1.579201 0.025828
-0.365546 -1.982153 0.038944
0.720212 -2.000847 -0.187079
1.414143 -1.346398 -0.007626
1.998206 -0.998854 0.019450
0.531547 0.072254 -3.432845
0.558885 0.057683 -2.694164
0.549054 -0.057391 -1.857371
0.667627 0.008480 -1.156088
0.610624 -0.042392 -0.352152
0.513868 0.087792 0.481536
0.511804 0.087002 1.174396
0.552545 0.044932 1.893430
0.593574 -0.094140 2.724060
0.572634 0.099480 3.577685
