1.921568 0.135877 -0.025860
2.021665 0.946922 0.145940
1.214064 1.625718 0.027072
0.532655 1.779501 0.035221
-0.198113 2.138288 -0.120676
-1.181896 1.762462 0.086693
-1.809101 1.321122 0.130500
-1.954173 0.434675 -0.105028
-1.844653 -0.587986 -0.169649
-1.672188 -1.139941 0.189006
-0.873018 -1.854710 0.177116
-0.084933 -2.032816 -0.159112
0.694211 -1.909280 0.111803
1.495050 -1.445484 0.072921
1.977353 -0.620686 -0.106287
2.237560 -0.022230 -3.404726
2.257107 0.092944 -2.632534
2.128727 0.017022 -1.846577
2.259747 0.004316 -1.082631
2.177347 -0.090936 -0.472411
2.209508 0.029520 0.433344
2.272770 0.021097 1.224502
2.218516 0.047540 1.998512
2.156630 -0.043627 2.709436
2.108390 0.018081 3.439856
