1.812825 -0.045980 0.099885
1.932493 0.738330 -0.046838
1.483227 1.606153 -0.083955
0.644245 1.737046 -0.191751
-0.235271 1.967233 0.134033
-0.891545 1.731545 -0.181877
-1.594884 1.263612 0.019438
-2.008520 0.252116 -0.006015
-1.933578 -0.217560 -0.174620
-1.701090 -1.291529 -0.125848
-1.139699 -1.579201 0.025828
-0.365546 -1.982153 0.038944
0.720212 -2.000847 -0.187079
1.414143 -1.346398 -0.007626
1.998206 -0.998854 0.019450
0.343297 0.019808 -3.437170
0.441664 -0.050703 -2.655044
0.489088 -0.054637 -1.968325
0.305957 -0.099929 -1.196123
0.440032 -0.042075 -0.484749
0.351567 -0.009644 0.364543
0.476477 0.065826 1.071625
0.384869 -0.027978 1.918430
0.448684 0.060025 2.628269
0.496716 0.001703 3.470912
