1.921568 0.135877 -0.025860
2.021665 0.946922 0.145940
1.214064 1.625718 0.027072
0.532655 1.779501 0.035221
-0.198113 2.138288 -0.120676
-1.181896 1.762462 0.086693
-1.809101 1.321122 0.130500
-1.954173 0.434675 -0.105028
-1.844653 -0.587986 -0.169649
-1.672188 -1.139941 0.189006
-0.873018 -1.854710 0.177116
-0.084933 -2.032816 -0.159112
0.694211 -1.909280 0.111803
1.495050 -1.445484 0.072921
1.977353 -0.620686 -0.106287
0.888200 -0.010885 -3.492488
0.826329 -0.072105 -2.779966
0.881334 -0.085519 -1.887590
0.749371 0.045280 -1.231289
0.748494 -0.070927 -0.431339
0.793272 0.004017 0.313942
0.790137 -0.067736 1.104843
0.890244 -0.019784 1.946307
0.839766 0.054113 2.730170
0.816698 -0.052193 3.498718
