1.812825 -0.045980 0.099885
1.932493 0.738330 -0.046838
1.483227 1.606153 -0.083955
0.644245 1.737046 -0.191751
-0.235271 1.967233 0.134033
-0.891545 1.731545 -0.181877
-1.594884 1.263612 0.019438
-2.008520 0.252116 -0.006015
-1.933578 -0.217560 -0.174620
-1.701090 -1.291529 -0.125848
-1.139699 -1.579201 0.025828
-0.365546 -1.982153 0.038944
0.720212 -2.000847 -0.187079
1.414143 -1.346398 -0.007626
1.998206 -0.998854 0.019450
1.380157 0.070264 -3.468001
1.352869 -0.049158 -2.788647
1.330953 -0.052468 -1.998371
1.458138 -0.079991 -1.120933
1.330050 -0.040391 -0.478387
1.417736 0.075261 0.301832
1.337967 -0.021456 1.072756
1.461532 0.046308 2.020161
1.396863 -0.077905 2.634122
1.412724 0.047014 3.492416
