2.183822 -0.142543 -0.135876
1.698011 0.898310 0.101918
1.329194 1.396496 0.058366
0.424904 2.091802 -0.059020
-0.144180 1.802908 -0.011485
-0.925356 1.908636 0.040694
-1.545281 1.147896 -0.155936
-1.868195 0.579498 0.067957
-1.800436 -0.584215 0.045018
-1.653765 -1.099162 0.142925
-0.988293 -1.917727 -0.145106
-0.222717 -2.125387 0.103689
0.422259 -2.096647 0.082043
1.341028 -1.545655 -0.199021
1.911980 -0.620942 0.087449
0.095228 0.016609 -3.413305
0.096306 -0.096577 -2.775852
-0.077373 -0.077225 -2.022731
0.062081 -0.082334 -1.256293
0.059625 -0.050088 -0.482899
-0.003110 -0.047569 0.338012
0.010261 0.044481 1.085079
0.096631 0.025363 2.013702
-0.048208 0.065536 2.718168
-0.021035 0.015139 3.512485
