1.812825 -0.045980 0.099885
1.932493 0.738330 -0.046838
1.483227 1.606153 -0.083955
0.644245 1.737046 -0.191751
-0.235271 1.967233 0.134033
-0.891545 1.731545 -0.181877
-1.594884 1.263612 0.019438
-2.008520 0.252116 -0.006015
-1.933578 -0.217560 -0.174620
-1.701090 -1.291529 -0.125848
-1.139699 -1.579201 0.025828
-0.365546 -1.982153 0.038944
0.720212 -2.000847 -0.187079
1.414143 -1.346398 -0.007626
1.998206 -0.998854 0.019450
3.033420 0.036402 -3.596724
2.907772 -0.093112 -2.676434
2.968617 -0.064935 -2.016515
2.998930 -0.091621 -1.174722
3.035362 0.042798 -0.383905
2.911606 0.094089 0.433475
2.933564 0.085143 1.136074
2.976834 0.075063 2.008714
3.090301 -0.093441 2.747797
2.992805 -0.024220 3.566875
