1.921568 0.135877 -0.025860
2.021665 0.946922 0.145940
1.214064 1.625718 0.027072
0.532655 1.779501 0.035221
-0.198113 2.138288 -0.120676
-1.181896 1.762462 0.086693
-1.809101 1.321122 0.130500
-1.954173 0.434675 -0.105028
-1.844653 -0.587986 -0.169649
-1.672188 -1.139941 0.189006
-0.873018 -1.854710 0.177116
-0.084933 -2.032816 -0.159112
0.694211 -1.909280 0.111803
1.495050 -1.445484 0.072921
1.977353 -0.620686 -0.106287
-0.095808 0.070191 -3.479311
-0.031868 0.071977 -2.713948
-0.017907 0.079521 -1.868458
0.016304 0.026170 -1.165822
0.083579 -0.056460 -0.347422
-0.065081 0.078566 0.320347
-0.099033 0.074832 1.098624
0.014089 -0.045124 2.018616
0.043752 -0.059648 2.760618
-0.033134 0.048242 3.497017
