Atoms. Timestep: 0
0 1.000000 0.000000 0.000000
0 0.902113 0.618034 0.000000
0 0.618034 1.175571 0.000000
0 0.175571 1.618034 0.000000
0 -0.381966 1.902113 0.000000
0 -1.000000 2.000000 0.000000
0 -1.618034 1.902113 0.000000
0 -2.175571 1.618034 0.000000
0 -2.618034 1.175571 0.000000
0 -2.902113 0.618034 0.000000
0 -1.000000 -0.000000 0.000000
0 -0.902113 0.618034 0.000000
0 -0.618034 1.175571 0.000000
0 -0.175571 1.618034 0.000000
0 0.381966 1.902113 0.000000
0 1.000000 2.000000 0.000000
0 1.618034 1.902113 0.000000
0 2.175571 1.618034 0.000000
0 2.618034 1.175571 0.000000
0 2.902113 0.618034 0.000000
Atoms. Timestep: 1
0 1.078947 0.000000 0.157895
0 0.979772 0.626166 0.157895
0 0.691955 1.191039 0.157895
0 0.243670 1.639324 0.157895
0 -0.321202 1.927141 0.157895
0 -0.947368 2.026316 0.157895
0 -1.573534 1.927141 0.157895
0 -2.138407 1.639324 0.157895
0 -2.586692 1.191039 0.157895
0 -2.874509 0.626166 0.157895
0 -1.078947 -0.000000 0.157895
0 -0.979772 0.544846 0.157895
0 -0.691955 1.036358 0.157895
0 -0.243670 1.426425 0.157895
0 0.321202 1.676863 0.157895
0 0.947368 1.763158 0.157895
0 1.573534 1.676863 0.157895
0 2.138407 1.426425 0.157895
0 2.586692 1.036358 0.157895
0 2.874509 0.544846 0.157895
Atoms. Timestep: 2
0 1.157895 0.000000 0.315789
0 1.057432 0.634298 0.315789
0 0.765877 1.206507 0.315789
0 0.311770 1.660614 0.315789
0 -0.260439 1.952169 0.315789
0 -0.894737 2.052632 0.315789
0 -1.529035 1.952169 0.315789
0 -2.101243 1.660614 0.315789
0 -2.555351 1.206507 0.315789
0 -2.846905 0.634298 0.315789
0 -1.157895 -0.000000 0.315789
0 -1.057432 0.471658 0.315789
0 -0.765877 0.897146 0.315789
0 -0.311770 1.234815 0.315789
0 0.260439 1.451613 0.315789
0 0.894737 1.526316 0.315789
0 1.529035 1.451613 0.315789
0 2.101243 1.234815 0.315789
0 2.555351 0.897146 0.315789
0 2.846905 0.471658 0.315789
Atoms. Timestep: 3
0 1.236842 0.000000 0.473684
0 1.135091 0.642430 0.473684
0 0.839798 1.221975 0.473684
0 0.379869 1.681904 0.473684
0 -0.199675 1.977196 0.473684
0 -0.842105 2.078947 0.473684
0 -1.484535 1.977196 0.473684
0 -2.064080 1.681904 0.473684
0 -2.524009 1.221975 0.473684
0 -2.819302 0.642430 0.473684
0 -1.236842 -0.000000 0.473684
0 -1.135091 0.398469 0.473684
0 -0.839798 0.757934 0.473684
0 -0.379869 1.043206 0.473684
0 0.199675 1.226362 0.473684
0 0.842105 1.289474 0.473684
0 1.484535 1.226362 0.473684
0 2.064080 1.043206 0.473684
0 2.524009 0.757934 0.473684
0 2.819302 0.398469 0.473684
Atoms. Timestep: 4
0 1.315789 0.000000 0.631579
0 1.212751 0.650562 0.631579
0 0.913720 1.237443 0.631579
0 0.447969 1.703194 0.631579
0 -0.138912 2.002224 0.631579
0 -0.789474 2.105263 0.631579
0 -1.440036 2.002224 0.631579
0 -2.026916 1.703194 0.631579
0 -2.492667 1.237443 0.631579
0 -2.791698 0.650562 0.631579
0 -1.315789 -0.000000 0.631579
0 -1.212751 0.325281 0.631579
0 -0.913720 0.618721 0.631579
0 -0.447969 0.851597 0.631579
0 0.138912 1.001112 0.631579
0 0.789474 1.052632 0.631579
0 1.440036 1.001112 0.631579
0 2.026916 0.851597 0.631579
0 2.492667 0.618721 0.631579
0 2.791698 0.325281 0.631579
Atoms. Timestep: 5
0 1.394737 0.000000 0.789474
0 1.290410 0.658694 0.789474
0 0.987641 1.252911 0.789474
0 0.516069 1.724484 0.789474
0 -0.078148 2.027252 0.789474
0 -0.736842 2.131579 0.789474
0 -1.395536 2.027252 0.789474
0 -1.989753 1.724484 0.789474
0 -2.461326 1.252911 0.789474
0 -2.764094 0.658694 0.789474
0 -1.394737 -0.000000 0.789474
0 -1.290410 0.252093 0.789474
0 -0.987641 0.479509 0.789474
0 -0.516069 0.659988 0.789474
0 0.078148 0.775862 0.789474
0 0.736842 0.815789 0.789474
0 1.395536 0.775862 0.789474
0 1.989753 0.659988 0.789474
0 2.461326 0.479509 0.789474
0 2.764094 0.252093 0.789474
Atoms. Timestep: 6
0 1.473684 0.000000 0.947368
0 1.368069 0.666826 0.947368
0 1.061563 1.268379 0.947368
0 0.584168 1.745774 0.947368
0 -0.017384 2.052280 0.947368
0 -0.684211 2.157895 0.947368
0 -1.351037 2.052280 0.947368
0 -1.952589 1.745774 0.947368
0 -2.429984 1.268379 0.947368
0 -2.736490 0.666826 0.947368
0 -1.473684 -0.000000 0.947368
0 -1.368069 0.178905 0.947368
0 -1.061563 0.340297 0.947368
0 -0.584168 0.468378 0.947368
0 0.017384 0.550612 0.947368
0 0.684211 0.578947 0.947368
0 1.351037 0.550612 0.947368
0 1.952589 0.468378 0.947368
0 2.429984 0.340297 0.947368
0 2.736490 0.178905 0.947368
Atoms. Timestep: 7
0 1.552632 0.000000 1.105263
0 1.445729 0.674958 1.105263
0 1.135484 1.283847 1.105263
0 0.652268 1.767063 1.105263
0 0.043379 2.077308 1.105263
0 -0.631579 2.184211 1.105263
0 -1.306537 2.077308 1.105263
0 -1.915426 1.767063 1.105263
0 -2.398642 1.283847 1.105263
0 -2.708887 0.674958 1.105263
0 -1.552632 -0.000000 1.105263
0 -1.445729 0.105716 1.105263
0 -1.135484 0.201084 1.105263
0 -0.652268 0.276769 1.105263
0 -0.043379 0.325361 1.105263
0 0.631579 0.342105 1.105263
0 1.306537 0.325361 1.105263
0 1.915426 0.276769 1.105263
0 2.398642 0.201084 1.105263
0 2.708887 0.105716 1.105263
Atoms. Timestep: 8
0 1.631579 0.000000 1.263158
0 1.523388 0.683090 1.263158
0 1.209406 1.299315 1.263158
0 0.720367 1.788353 1.263158
0 0.104143 2.102335 1.263158
0 -0.578947 2.210526 1.263158
0 -1.262038 2.102335 1.263158
0 -1.878262 1.788353 1.263158
0 -2.367301 1.299315 1.263158
0 -2.681283 0.683090 1.263158
0 -1.631579 -0.000000 1.263158
0 -1.523388 0.032528 1.263158
0 -1.209406 0.061872 1.263158
0 -0.720367 0.085160 1.263158
0 -0.104143 0.100111 1.263158
0 0.578947 0.105263 1.263158
0 1.262038 0.100111 1.263158
0 1.878262 0.085160 1.263158
0 2.367301 0.061872 1.263158
0 2.681283 0.032528 1.263158
Atoms. Timestep: 9
0 1.710526 0.000000 1.421053
0 1.601047 0.691222 1.421053
0 1.283327 1.314783 1.421053
0 0.788467 1.809643 1.421053
0 0.164906 2.127363 1.421053
0 -0.526316 2.236842 1.421053
0 -1.217538 2.127363 1.421053
0 -1.841099 1.809643 1.421053
0 -2.335959 1.314783 1.421053
0 -2.653679 0.691222 1.421053
0 -1.710526 0.000000 1.421053
0 -1.601047 -0.040660 1.421053
0 -1.283327 -0.077340 1.421053
0 -0.788467 -0.106450 1.421053
0 -0.164906 -0.125139 1.421053
0 0.526316 -0.131579 1.421053
0 1.217538 -0.125139 1.421053
0 1.841099 -0.106450 1.421053
0 2.335959 -0.077340 1.421053
0 2.653679 -0.040660 1.421053
Atoms. Timestep: 10
0 1.789474 0.000000 1.578947
0 1.678707 0.699354 1.578947
0 1.357249 1.330251 1.578947
0 0.856567 1.830933 1.578947
0 0.225670 2.152391 1.578947
0 -0.473684 2.263158 1.578947
0 -1.173038 2.152391 1.578947
0 -1.803935 1.830933 1.578947
0 -2.304617 1.330251 1.578947
0 -2.626075 0.699354 1.578947
0 -1.789474 0.000000 1.578947
0 -1.678707 -0.113848 1.578947
0 -1.357249 -0.216552 1.578947
0 -0.856567 -0.298059 1.578947
0 -0.225670 -0.350389 1.578947
0 0.473684 -0.368421 1.578947
0 1.173038 -0.350389 1.578947
0 1.803935 -0.298059 1.578947
0 2.304617 -0.216552 1.578947
0 2.626075 -0.113848 1.578947
Atoms. Timestep: 11
0 1.868421 0.000000 1.736842
0 1.756366 0.707486 1.736842
0 1.431170 1.345719 1.736842
0 0.924666 1.852223 1.736842
0 0.286434 2.177419 1.736842
0 -0.421053 2.289474 1.736842
0 -1.128539 2.177419 1.736842
0 -1.766771 1.852223 1.736842
0 -2.273276 1.345719 1.736842
0 -2.598471 0.707486 1.736842
0 -1.868421 0.000000 1.736842
0 -1.756366 -0.187037 1.736842
0 -1.431170 -0.355765 1.736842
0 -0.924666 -0.489668 1.736842
0 -0.286434 -0.575639 1.736842
0 0.421053 -0.605263 1.736842
0 1.128539 -0.575639 1.736842
0 1.766771 -0.489668 1.736842
0 2.273276 -0.355765 1.736842
0 2.598471 -0.187037 1.736842
Atoms. Timestep: 12
0 1.947368 0.000000 1.894737
0 1.834026 0.715618 1.894737
0 1.505092 1.361187 1.894737
0 0.992766 1.873513 1.894737
0 0.347197 2.202447 1.894737
0 -0.368421 2.315789 1.894737
0 -1.084039 2.202447 1.894737
0 -1.729608 1.873513 1.894737
0 -2.241934 1.361187 1.894737
0 -2.570868 0.715618 1.894737
0 -1.947368 0.000000 1.894737
0 -1.834026 -0.260225 1.894737
0 -1.505092 -0.494977 1.894737
0 -0.992766 -0.681277 1.894737
0 -0.347197 -0.800890 1.894737
0 0.368421 -0.842105 1.894737
0 1.084039 -0.800890 1.894737
0 1.729608 -0.681277 1.894737
0 2.241934 -0.494977 1.894737
0 2.570868 -0.260225 1.894737
Atoms. Timestep: 13
0 2.026316 0.000000 2.052632
0 1.911685 0.723750 2.052632
0 1.579013 1.376655 2.052632
0 1.060865 1.894803 2.052632
0 0.407961 2.227474 2.052632
0 -0.315789 2.342105 2.052632
0 -1.039540 2.227474 2.052632
0 -1.692444 1.894803 2.052632
0 -2.210592 1.376655 2.052632
0 -2.543264 0.723750 2.052632
0 -2.026316 0.000000 2.052632
0 -1.911685 -0.333413 2.052632
0 -1.579013 -0.634189 2.052632
0 -1.060865 -0.872887 2.052632
0 -0.407961 -1.026140 2.052632
0 0.315789 -1.078947 2.052632
0 1.039540 -1.026140 2.052632
0 1.692444 -0.872887 2.052632
0 2.210592 -0.634189 2.052632
0 2.543264 -0.333413 2.052632
Atoms. Timestep: 14
0 2.105263 0.000000 2.210526
0 1.989344 0.731882 2.210526
0 1.652935 1.392123 2.210526
0 1.128965 1.916093 2.210526
0 0.468724 2.252502 2.210526
0 -0.263158 2.368421 2.210526
0 -0.995040 2.252502 2.210526
0 -1.655281 1.916093 2.210526
0 -2.179251 1.392123 2.210526
0 -2.515660 0.731882 2.210526
0 -2.105263 0.000000 2.210526
0 -1.989344 -0.406601 2.210526
0 -1.652935 -0.773402 2.210526
0 -1.128965 -1.064496 2.210526
0 -0.468724 -1.251390 2.210526
0 0.263158 -1.315789 2.210526
0 0.995040 -1.251390 2.210526
0 1.655281 -1.064496 2.210526
0 2.179251 -0.773402 2.210526
0 2.515660 -0.406601 2.210526
Atoms. Timestep: 15
0 2.184211 0.000000 2.368421
0 2.067004 0.740014 2.368421
0 1.726856 1.407591 2.368421
0 1.197065 1.937383 2.368421
0 0.529488 2.277530 2.368421
0 -0.210526 2.394737 2.368421
0 -0.950541 2.277530 2.368421
0 -1.618117 1.937383 2.368421
0 -2.147909 1.407591 2.368421
0 -2.488056 0.740014 2.368421
0 -2.184211 0.000000 2.368421
0 -2.067004 -0.479790 2.368421
0 -1.726856 -0.912614 2.368421
0 -1.197065 -1.256105 2.368421
0 -0.529488 -1.476640 2.368421
0 0.210526 -1.552632 2.368421
0 0.950541 -1.476640 2.368421
0 1.618117 -1.256105 2.368421
0 2.147909 -0.912614 2.368421
0 2.488056 -0.479790 2.368421
Atoms. Timestep: 16
0 2.263158 0.000000 2.526316
0 2.144663 0.748146 2.526316
0 1.800778 1.423059 2.526316
0 1.265164 1.958673 2.526316
0 0.590252 2.302558 2.526316
0 -0.157895 2.421053 2.526316
0 -0.906041 2.302558 2.526316
0 -1.580954 1.958673 2.526316
0 -2.116567 1.423059 2.526316
0 -2.460453 0.748146 2.526316
0 -2.263158 0.000000 2.526316
0 -2.144663 -0.552978 2.526316
0 -1.800778 -1.051826 2.526316
0 -1.265164 -1.447715 2.526316
0 -0.590252 -1.701891 2.526316
0 0.157895 -1.789474 2.526316
0 0.906041 -1.701891 2.526316
0 1.580954 -1.447715 2.526316
0 2.116567 -1.051826 2.526316
0 2.460453 -0.552978 2.526316
Atoms. Timestep: 17
0 2.342105 0.000000 2.684211
0 2.222323 0.756278 2.684211
0 1.874699 1.438527 2.684211
0 1.333264 1.979963 2.684211
0 0.651015 2.327586 2.684211
0 -0.105263 2.447368 2.684211
0 -0.861542 2.327586 2.684211
0 -1.543790 1.979963 2.684211
0 -2.085226 1.438527 2.684211
0 -2.432849 0.756278 2.684211
0 -2.342105 0.000000 2.684211
0 -2.222323 -0.626166 2.684211
0 -1.874699 -1.191039 2.684211
0 -1.333264 -1.639324 2.684211
0 -0.651015 -1.927141 2.684211
0 0.105263 -2.026316 2.684211
0 0.861542 -1.927141 2.684211
0 1.543790 -1.639324 2.684211
0 2.085226 -1.191039 2.684211
0 2.432849 -0.626166 2.684211
Atoms. Timestep: 18
0 2.421053 0.000000 2.842105
0 2.299982 0.764410 2.842105
0 1.948621 1.453995 2.842105
0 1.401364 2.001253 2.842105
0 0.711779 2.352613 2.842105
0 -0.052632 2.473684 2.842105
0 -0.817042 2.352613 2.842105
0 -1.506627 2.001253 2.842105
0 -2.053884 1.453995 2.842105
0 -2.405245 0.764410 2.842105
0 -2.421053 0.000000 2.842105
0 -2.299982 -0.699354 2.842105
0 -1.948621 -1.330251 2.842105
0 -1.401364 -1.830933 2.842105
0 -0.711779 -2.152391 2.842105
0 0.052632 -2.263158 2.842105
0 0.817042 -2.152391 2.842105
0 1.506627 -1.830933 2.842105
0 2.053884 -1.330251 2.842105
0 2.405245 -0.699354 2.842105
Atoms. Timestep: 19
0 2.500000 0.000000 3.000000
0 2.377641 0.772542 3.000000
0 2.022542 1.469463 3.000000
0 1.469463 2.022542 3.000000
0 0.772542 2.377641 3.000000
0 0.000000 2.500000 3.000000
0 -0.772542 2.377641 3.000000
0 -1.469463 2.022542 3.000000
0 -2.022542 1.469463 3.000000
0 -2.377641 0.772542 3.000000
0 -2.500000 0.000000 3.000000
0 -2.377641 -0.772542 3.000000
0 -2.022542 -1.469463 3.000000
0 -1.469463 -2.022542 3.000000
0 -0.772542 -2.377641 3.000000
0 -0.000000 -2.500000 3.000000
0 0.772542 -2.377641 3.000000
0 1.469463 -2.022542 3.000000
0 2.022542 -1.469463 3.000000
0 2.377641 -0.772542 3.000000