5.000000 0.000000 0.000000
4.755283 1.545085 0.000000
4.045085 2.938926 0.000000
2.938926 4.045085 0.000000
1.545085 4.755283 0.000000
0.000000 5.000000 0.000000
-1.545085 4.755283 0.000000
-2.938926 4.045085 0.000000
-4.045085 2.938926 0.000000
-4.755283 1.545085 0.000000
-5.000000 0.000000 0.000000
-4.755283 -1.545085 0.000000
-4.045085 -2.938926 0.000000
-2.938926 -4.045085 0.000000
-1.545085 -4.755283 0.000000
-0.000000 -5.000000 0.000000
1.545085 -4.755283 0.000000
2.938926 -4.045085 0.000000
4.045085 -2.938926 0.000000
4.755283 -1.545085 0.000000
0.000000 0.000000 -2.000000
0.000000 0.000000 -1.555556
0.000000 0.000000 -1.111111
0.000000 0.000000 -0.666667
0.000000 0.000000 -0.222222
0.000000 0.000000 0.222222
0.000000 0.000000 0.666667
0.000000 0.000000 1.111111
0.000000 0.000000 1.555556
0.000000 0.000000 2.000000
