0.032996 -0.178783 1.916911
0.847678 0.121337 1.769762
1.480448 -0.063686 1.217647
1.934616 -0.111194 0.726207
2.037841 0.095291 -0.187064
1.723476 -0.123854 -0.887257
1.309932 0.064154 -1.574621
0.541446 -0.023923 -1.787229
-0.479133 0.113762 -2.070168
-1.257593 -0.005805 -1.604685
-1.756281 0.048273 -0.897883
-1.980789 -0.168756 -0.083607
-1.890807 -0.133788 0.606021
-1.409061 -0.125686 1.276205
-0.738606 -0.150219 1.794250
5.800000 0.000000 0.000000
5.627091 0.813473 0.000000
5.138261 1.486290 0.000000
4.418034 1.902113 0.000000
3.590943 1.989044 0.000000
2.800000 1.732051 0.000000
2.181966 1.175571 0.000000
1.843705 0.415823 0.000000
1.843705 -0.415823 0.000000
2.181966 -1.175571 0.000000
2.800000 -1.732051 0.000000
3.590943 -1.989044 0.000000
4.418034 -1.902113 0.000000
5.138261 -1.486290 0.000000
5.627091 -0.813473 0.000000
