0.062298 0.051510 1.948295
0.925323 -0.044671 1.665677
1.551347 -0.065192 1.424496
1.780485 -0.010668 0.620511
2.054788 0.088105 -0.107142
1.744499 -0.012121 -1.103279
1.191225 -0.054386 -1.547319
0.383473 0.024413 -1.916952
-0.425010 -0.052697 -2.028937
-1.223158 -0.006363 -1.651732
-1.776947 -0.083195 -1.109030
-1.972852 0.114904 -0.212675
-1.958106 -0.003598 0.658678
-1.448539 -0.145964 1.385240
-0.773506 -0.091450 1.887134
6.209978 -0.052387 -0.022772
5.942440 0.885965 -0.000073
5.556327 1.527458 -0.076276
4.793654 1.863234 -0.046302
3.942720 1.929521 0.017507
3.283920 1.752814 -0.050286
2.589158 1.177780 -0.039909
2.234089 0.508871 -0.038591
2.151643 -0.427905 -0.027973
2.540205 -1.154929 -0.070191
3.223628 -1.745773 0.089880
4.012176 -1.920650 0.095924
4.867663 -1.852762 0.076845
5.505498 -1.437341 -0.043308
5.979716 -0.891664 -0.068068
