-0.109289 0.054642 1.945127
0.799912 0.079715 1.643230
1.469501 0.101644 1.371351
2.051120 0.085925 0.656214
1.955844 0.016651 -0.242985
1.723537 0.060258 -0.994869
1.107898 -0.019478 -1.618744
0.486871 0.043716 -2.049432
-0.442238 0.023343 -1.920979
-1.216245 0.028767 -1.506382
-1.681654 -0.007045 -0.939344
-2.025766 0.023596 -0.083590
-2.058566 0.063320 0.449089
-1.474420 -0.051373 1.414090
-0.909719 0.075372 1.901517
3.919209 -0.052064 0.036978
3.730995 0.819440 0.044768
3.349494 1.650839 -0.018408
2.509824 1.914205 -0.169483
1.834135 1.924537 -0.175345
0.953505 1.564882 -0.154753
0.448483 1.174826 0.022372
0.020470 0.247804 0.106302
-0.025407 -0.433218 -0.030071
0.383811 -1.281731 -0.147619
0.926515 -1.745465 0.071057
1.732027 -2.024575 0.101289
2.546936 -1.838009 0.005627
3.189000 -1.491434 0.110392
3.962822 -0.762048 0.015195
