-0.109289 0.054642 1.945127
0.799912 0.079715 1.643230
1.469501 0.101644 1.371351
2.051120 0.085925 0.656214
1.955844 0.016651 -0.242985
1.723537 0.060258 -0.994869
1.107898 -0.019478 -1.618744
0.486871 0.043716 -2.049432
-0.442238 0.023343 -1.920979
-1.216245 0.028767 -1.506382
-1.681654 -0.007045 -0.939344
-2.025766 0.023596 -0.083590
-2.058566 0.063320 0.449089
-1.474420 -0.051373 1.414090
-0.909719 0.075372 1.901517
4.600000 0.000000 0.000000
4.427091 0.813473 0.000000
3.938261 1.486290 0.000000
3.218034 1.902113 0.000000
2.390943 1.989044 0.000000
1.600000 1.732051 0.000000
0.981966 1.175571 0.000000
0.643705 0.415823 0.000000
0.643705 -0.415823 0.000000
0.981966 -1.175571 0.000000
1.600000 -1.732051 0.000000
2.390943 -1.989044 0.000000
3.218034 -1.902113 0.000000
3.938261 -1.486290 0.000000
4.427091 -0.813473 0.000000
